--- WEIGHT CLASS ANALYSIS ---

=== Active ===
  11U Men: [32, 36, 40, 44, 48, 52, 56, 60, 65, 65+]
  11U Women: [30, 33, 36, 40, 44, 48, 53, 58, 63, 63+]
  13U Men: [32, 36, 40, 44, 48, 52, 56, 60, 65, 65+]
  13U Women: [30, 33, 36, 40, 44, 48, 53, 58, 63, 63+]
  14-15 Men: [48, 52, 56, 60, 65, 71, 79, 79+]
  14-15 Women: [40, 44, 48, 53, 58, 63, 69, 69+]
  16-17 Men: [56, 60, 65, 71, 79, 88, 94, 94+]
  16-17 Women: [44, 48, 53, 58, 63, 69, 77, 77+]
  Junior Men: [60, 65, 71, 79, 88, 94, 110, 110+]
  Junior Women: [48, 53, 58, 63, 69, 77, 86, 86+]
  Open Men: [60, 65, 71, 79, 88, 94, 110, 110+]
  Open Women: [48, 53, 58, 63, 69, 77, 86, 86+]
  Masters Men: [60, 65, 71, 79, 88, 94, 110, 110+]
  Masters Women: [48, 53, 58, 63, 69, 77, 86, 86+]

=== Inactive (2018) ===
  13U Men: [32, 36, 39, 44, 49, 55, 61, 67, 73, 73+]
  13U Women: [30, 31, 33, 35, 36, 39, 40, 44, 45, 48, 53, 55, 58, 59, 64, 64+]
  14-15 Men: [39, 44, 49, 55, 61, 62, 67, 69, 73, 77, 81, 85+, 89, 89+]
  14-15 Women: [36, 40, 44, 45, 48, 49, 53, 55, 58, 59, 63, 64, 69, 69+, 71, 76, 76+]
  16-17 Men: [49, 50, 55, 56, 61, 62, 67, 69, 73, 77, 81, 85, 89, 94, 96, 102, 102+, 105, 105+]
  16-17 Women: [40, 44, 45, 48, 49, 53, 55, 58, 59, 63, 64, 69, 71, 75, 75+, 76, 81, 81+]
  Junior Men: [55, 56, 61, 62, 67, 69, 73, 77, 81, 85, 89, 94, 96, 102, 105, 105+, 109, 109+]
  Junior Women: [45, 48, 49, 53, 55, 58, 59, 63, 64, 69, 71, 75, 76, 81, 87, 87+, 90, 90+]
  Open Men: [55, 56, 61, 62, 67, 69, 73, 77, 81, 85, 89, 94, 96, 102, 105, 105+, 109, 109+]
  Open Women: [45, 48, 49, 53, 55, 58, 59, 63, 64, 69, 71, 75, 76, 81, 87, 87+, 90, 90+]
  Masters Men: [55, 56, 61, 62, 67, 69, 73, 77, 81, 85, 89, 94, 96, 102, 105, 105+, 109, 109+]
  Masters Women: [45, 48, 49, 53, 55, 58, 59, 63, 64, 69, 71, 75+, 75, 76, 81, 87, 87+, 90, 90+]

=== Inactive (1998) ===
  13U Men: [31, 35, 50, 56, 62, 69, 69+]
  13U Women: [58+]
  14-15 Men: [50, 56, 85]
  Junior Women: [75+]
  Open Women: [75+]
